1.0 0.0 0.0 0.0 0.0 1.0 0.0 0.0 0.0 0.0 1.0 0.0
0.9992286549815069 -0.023290851841191333 -0.031616946158048186 0.5315626848069576 0.02260723345460772 0.9995064989470867 -0.021809895874727734 -0.03331957557380719 0.032109314215319415 0.021078301237274145 0.9992620763131024 0.8010226720288558
0.999194689780817 -0.02549597289632804 -0.03098269323166135 0.5036900854140993 0.024791015718348092 0.9994296863379807 -0.022928314504520438 -0.04615578884348823 0.031549603063590954 0.02214175766363842 0.9992569064630449 1.763856031228781
0.9991684444650346 -0.027301277439076677 -0.030282995814771625 0.45685432780945046 0.026733594262329737 0.9994621059443477 -0.018995097238654432 -0.06283228353068732 0.030785297191030292 0.018169728437248484 0.9993608589720616 2.726323554962889
0.9976649213282546 -0.037339887665802804 -0.05718773942195201 0.9933871547948232 0.03597548656294501 0.9990472562476936 -0.024705144211550043 0.01248666203014008 0.058055741470135605 0.02259009900507923 0.9980577229345474 3.5198843626088627
0.9984371893375572 -0.037095293104810974 -0.0417985427639185 0.41089609111181413 0.035978494347599026 0.9989833814333527 -0.027161582510292336 0.0014799940399723623 0.04276361645369539 0.025615285464966577 0.9987567923465401 4.281212387477389
0.9959875831826326 -0.04456637614180719 -0.07760523348078176 0.8424235696378968 0.041835849476275944 0.9984589230507567 -0.036462867124238164 -0.015819376889343498 0.0791106556957908 0.033069882036506286 0.9963171618804301 5.107957015049267
0.9957412357099755 -0.04665121361441477 -0.07951764442609106 0.7840404370803109 0.043578858516064786 0.9982510974155387 -0.039945332632330154 -0.049176606557986544 0.08124207405777309 0.036309926700187144 0.9960327879270942 6.043082711748108
0.993592649845408 -0.06169041358231573 -0.09469920298093672 0.908257855992812 0.05748742742296569 0.997263227366059 -0.04648925716463675 -0.044538853788945273 0.0973079742953829 0.04074737065717679 0.9944198358455333 6.964714512243458
0.9935405648506885 -0.06149255740698851 -0.09537196327917569 0.8095311308535306 0.05747244901497108 0.9973618094036512 -0.04434341830864267 -0.09034165560003937 0.0978471440584629 0.03857572457675911 0.9944535433457827 7.887794991596099
0.9917170199676223 -0.07211185391676524 -0.10628844166336565 0.8483674478459329 0.06741364880000573 0.9966101092593369 -0.04715601846595221 -0.08282155732016143 0.10932864337404426 0.0396001344287988 0.9932165308185393 8.817453862621761
0.9867074656047004 -0.09684479255281533 -0.13049698646080962 1.122216750785014 0.08978246967931854 0.9942140780608506 -0.0589701206026797 -0.1265620631338748 0.1354528901804337 0.046469916516114144 0.9896934178829095 9.697978807846782
0.9825802801473122 -0.10964181217584211 -0.1500488789975696 1.4103296914307157 0.10061449236473013 0.9926999894441757 -0.0665090586591059 -0.14627496737587434 0.1562456943144912 0.05025339769936167 0.9864389890043146 10.603805759209877
0.9771044363039588 -0.12505003522875885 -0.17213195300236683 1.6339675520186077 0.1133312077959246 0.990620086245587 -0.07634056632159567 -0.16716867243107145 0.18006376063672466 0.05508478388875887 0.9821113524897728 11.45896291995707
0.9677427895329678 -0.14541777389407856 -0.20573663830888508 1.9183842434622373 0.12651585076665567 0.9866761631425559 -0.1022931502646801 -0.09242621247737945 0.21787067910056065 0.07296451275773701 0.9732463958660669 12.32027715595546
0.9639277827337522 -0.13915613930771523 -0.2268893972114267 2.3312334720018613 0.11882272318637337 0.9877647081538122 -0.1010051571969843 -0.12430664630069325 0.23816882694544053 0.07040206118278729 0.9686687564140027 13.129016686279199
0.9635219739863421 -0.14061403686088067 -0.22771275388776616 2.1143623646357868 0.11979717322641313 0.9874553890179584 -0.1028615184913779 -0.20868778421088868 0.23931995932730754 0.07182998912068934 0.9682801297819245 14.00297817680176
0.9631125372742328 -0.14120282725203395 -0.22907641109730614 1.9007042965249454 0.12001767415453768 0.987310907670711 -0.10398523686067723 -0.29822662006119605 0.2408526488036302 0.07265626724838214 0.9678383482761003 14.873654694393583
0.9630774707215125 -0.13987654301490293 -0.23003551487293025 1.6785171508913526 0.11831365642738681 0.9874020363508565 -0.10506710861617287 -0.3925490677451572 0.2418339597563506 0.07397142234931393 0.9674939610065717 15.737646075383314
0.9631822705315225 -0.13689578186501516 -0.2313859516939328 1.4679101853981298 0.11515445731100843 0.9877769668214111 -0.10505291418374961 -0.49036228730179815 0.2429390143537013 0.0745399807127518 0.9671734211506211 16.598836141965727
0.9630711121282887 -0.13618186137681823 -0.2322682363473835 1.2520542748545782 0.11473836960981534 0.9879870686664358 -0.10352129581484486 -0.5964502275311423 0.24357573672937974 0.07304829073871906 0.9671270897337604 17.45801353194396
0.9619754372023032 -0.1375265966224994 -0.23598663826765093 1.0658082781028122 0.11587228634835331 0.98787130011657 -0.1033629898097121 -0.6767800989219458 0.24733958736085834 0.07208834598900138 0.9662434470136043 18.322169644478482
0.9614753744004133 -0.13820542017208945 -0.23762231851540763 0.8504528506168272 0.11651912823947295 0.9878254648544647 -0.10307348708263518 -0.7684902810879454 0.2489746918381357 0.07141507417987619 0.9658734337396333 19.17139412285189
0.9608899618619589 -0.13949458750312183 -0.2392315640760053 0.6345932591257878 0.11764594716410787 0.987661250771212 -0.10336674920353786 -0.8579730462635138 0.250698847840946 0.07117944775271104 0.9654447544571585 20.01391748411905
0.9530227417957594 -0.12797560788939902 -0.27453578529114714 0.9396989021356498 0.10281813190213906 0.98922651990363 -0.10420808064401466 -0.8515587094999773 0.28491417193997604 0.0710854141487114 0.9559135831878662 20.82780724246526
0.9527901902763457 -0.12710603969391293 -0.27574428006123525 0.7015455060604843 0.10197171030594555 0.9893666959454307 -0.1037078167319341 -0.9421168085904454 0.2859940971601331 0.07069367459223956 0.9556201027407327 21.652564551906714
0.9391685994362534 -0.14159607538820485 -0.31291035979589893 0.8756326893746138 0.11066920464293656 0.9872311780660442 -0.11457280741097957 -0.9849870293577553 0.3251379230059772 0.07297364242650349 0.9428468478678652 22.490696860284196
0.9385444292942132 -0.10854478929967362 -0.32764673500079916 1.1574958372805293 0.08238122329843452 0.9922759208396258 -0.09274605635675 -1.0772216505001135 0.3351830668286326 0.060054355693532416 0.9402370903519964 23.295712344669994
0.9328929906254853 -0.09718659947784584 -0.3467930693133389 1.6854784126543878 0.07024859888953379 0.9935106394792662 -0.08945246556445592 -1.033896363459099 0.35323618500359016 0.05908785089538686 0.9336663341262098 23.930689014912215
0.9253570696669386 -0.08959983832169403 -0.36835602694965874 1.8766352941566065 0.05854936635452192 0.9937875733078948 -0.09464793097734574 -0.9891705692329646 0.37454808144869095 0.06601612008846501 0.9248543704668165 24.731255556754657
0.9244463902996207 -0.09066530289869654 -0.3703763954577609 1.5933683733817894 0.05838259806093663 0.993523008427411 -0.0974859167726514 -1.0650456086690052 0.37681606083824365 0.06849696763825924 0.9237520347575499 25.491099542030724
0.92426431518372 -0.09009442324302176 -0.3709696356556312 1.2979853828123087 0.057018927191067784 0.9934320138303993 -0.0992052208246095 -1.1414886725096571 0.37747094937219217 0.07053955484256341 0.9233308473037549 26.227296168046404
0.9235835074185168 -0.09033747797810747 -0.3726025293755547 1.0091591758465466 0.056888597093211465 0.9933766640734686 -0.09983231338116932 -1.2209389888040623 0.37915325706799924 0.07100664297672882 0.922605475979795 26.961489104246116
0.8993469080681622 -0.14725086103912752 -0.4116944532920843 1.1981363389315618 0.10013272554042701 0.9859236399546608 -0.13389553186869366 -1.3109993465548968 0.4256155262958323 0.07919444489224074 0.9014320072385562 27.71857140658922
0.8809154825526972 -0.17181920730771813 -0.4409830751844021 1.280171960328426 0.11596716350211264 0.9817308442902931 -0.15085147118389433 -1.3993090258421257 0.45884586691853224 0.08174784015017218 0.8847472865415094 28.481399818291482
0.8572933444007199 -0.20251073926087196 -0.47332602097311305 1.4092341942676334 0.13377781670420338 0.9754313598892733 -0.17503473341717793 -1.4818420675760164 0.49714345756942446 0.0867355903224314 0.8633222573102923 29.232993458108616
0.8386683900827876 -0.20842201843562763 -0.5031854466368837 1.4980913042674187 0.13046714055969733 0.9738631356947652 -0.18592718512616385 -1.5309165995084653 0.528785076103816 0.09028208662841737 0.8439404529490824 29.9867119422362
0.8135883041949252 -0.23586118198237382 -0.531454206974693 1.778122360843497 0.14479502474825387 0.9674206026424178 -0.20768191637968103 -1.670965448669041 0.5631238514619815 0.09201565310783409 0.8212336132293688 30.662336560757446
0.8126354202166237 -0.23436972259230024 -0.5335677154226597 1.383396679883824 0.14360790038859478 0.9678679204648931 -0.20641816654777734 -1.827667477128356 0.564801243585147 0.09111817418591207 0.8201810980373169 31.26610062162074
0.8121731855758477 -0.23308946429746527 -0.5348308314458857 0.9841272537662547 0.1418170603506476 0.9681018262091315 -0.20655937520250323 -1.9774006325971973 0.5659175187472804 0.09191384946822695 0.819322406779441 31.856609074362606
0.8326114866186045 -0.21229290966700892 -0.5115562851298681 0.3626380296239333 0.1139876403498733 0.9695330151108158 -0.21682377742674155 -2.123004244993362 0.5420008581157642 0.12221887380944095 0.8314430928731869 32.23563111728389
0.8328448079791614 -0.20998287611762526 -0.5121295905916027 -0.004888829556572993 0.1105953854601568 0.9697186184211666 -0.21774862066673603 -2.2711685933530674 0.5423450806793338 0.12471163868988523 0.8308482536770565 32.80136868982277
0.8314366019236356 -0.20992528114649395 -0.5144361508654326 -0.3554223499939021 0.11072030147482087 0.9699075694418314 -0.2168416970528658 -2.4208385001243857 0.5444760709370087 0.12333159803962293 0.8296596441324567 33.38080699448768
0.8310524001880982 -0.20768836764509044 -0.5159626440804771 -0.7129682356702235 0.10896701736929366 0.9704861282748899 -0.21513452524329216 -2.56924501166816 0.5454155271600182 0.12256515316734189 0.8291560082166864 33.95031322920971
0.8321394110256064 -0.20436005465016818 -0.5155394928435021 -1.0754951294724606 0.10533027148248957 0.9709464742346072 -0.21486851347001237 -2.7163355792624224 0.5444717940604281 0.1244986435057336 0.8294881272434554 34.502842271354005
0.8330037553071998 -0.2034480670791512 -0.5145032824442015 -1.4213842297732877 0.10304527603425788 0.9707150886354787 -0.2170112618792878 -2.86191945329499 0.5435866211848163 0.1277540633294072 0.8295736763975242 35.04958642378181
0.8342140368781676 -0.20391366041263304 -0.5123535495851969 -1.766839448848654 0.10204993471341471 0.9701566417864722 -0.21995886256885722 -3.0059368410036726 0.5419158158795682 0.13120712440534157 0.8301276642811435 35.58482598173054
0.8352024572745813 -0.2044237324011783 -0.5105367694825422 -2.0877915235004307 0.1018617756705779 0.9697862376987335 -0.22167280353569715 -3.142028321942405 0.5404267147539402 0.1331374883393484 0.8307908131286458 36.11881364833007
0.8370062145217885 -0.2030845506629621 -0.5081114662492143 -2.4137938136411785 0.10142576182645165 0.9700666024300346 -0.2206436078561468 -3.2806875810177547 0.5377112716782383 0.13314447841302238 0.8325497800001507 36.64884009542292
0.8390378671311384 -0.19852604283813818 -0.5065598363817029 -2.7405297574766623 0.0983291324984323 0.9710504945097721 -0.21769776942917143 -3.422672864096547 0.5351138563167039 0.13284708287109856 0.8342690293607382 37.192660117028204
0.8421325925413755 -0.19272557810152888 -0.5036561804693463 -3.0568318071323572 0.09458635491595863 0.9722678726924256 -0.21388923580643565 -3.5563219686772807 0.5309106497738126 0.13248409442487835 0.8370076742068563 37.691910132186976
0.8456589246985511 -0.18720725225562118 -0.4998143933307528 -3.3694660924043016 0.08986734687530461 0.9730405611979869 -0.21240509934816437 -3.6871016658522353 0.5261034527954384 0.1347052744565335 0.8396842537467943 38.18617794864453
0.8493388635461161 -0.18327356752344637 -0.49500938811038625 -3.662737055395714 0.08655040586454801 0.9734493470828751 -0.21190893305523723 -3.8065062111552828 0.5207038718070688 0.13713922892869007 0.8426507638244773 38.67825974204452
0.8522410514095953 -0.18011576036237445 -0.49116545395757266 -3.9396181272129103 0.08519405521920881 0.9741129406203921 -0.20939424985228802 -3.9263621664573347 0.5161658292134135 0.13660999884700872 0.8455238287401794 39.16043267189302
0.855770326247428 -0.17595668763847136 -0.48651453502404696 -4.203393919966228 0.08249070646390118 0.97476332717153 -0.2074409297814199 -4.04332663110186 0.5107371457623312 0.13738886445702594 0.848688321977956 39.62667005380524
0.8597606224416925 -0.17323721634248768 -0.4804170469212931 -4.459604117501298 0.08081246647760365 0.9750057535376205 -0.20696165304313677 -4.154657767726309 0.5042628455086445 0.13911379314233308 0.8522712802840884 40.07368969166594
0.848615377233781 -0.18269123111321198 -0.4964633476871209 -4.3414507693878415 0.07869434416185926 0.9716296283362833 -0.22303153484661256 -4.164408921945313 0.5231244036740189 0.1501991325322487 0.838916610198692 40.56723291797876
0.8661764172154518 -0.1667730039347467 -0.4710893539641725 -4.781720521377765 0.055595118370436875 0.9689780816562676 -0.24081249984816455 -4.277922644987423 0.49663628247760616 0.18239583994248945 0.8485777280240739 40.73156975741417
0.8838042868104402 -0.15780737126532923 -0.4404393445070643 -5.195835716639486 0.04126865823682371 0.9640235650980624 -0.2625937238072532 -4.321285445112595 0.46603313236594823 0.213905118007855 0.8585206578919522 40.93641718003234
0.8996627079172254 -0.15352188080699852 -0.4087028799709191 -5.60578351936594 0.03384734387022996 0.9578434742548877 -0.28528974068526086 -4.372483375086845 0.43527160405426363 0.24283103372677628 0.8669323617002748 41.08653617495851
0.905502446983814 -0.15028148358677917 -0.3968384988849727 -5.841525969760691 0.03226239479789684 0.9568623852549717 -0.2887447204124732 -4.4636667552169556 0.42311281756551194 0.24865609056512045 0.8712896718294361 41.424352558538345
0.9179926788368687 -0.1542117094569465 -0.36538772594091373 -6.228526978400868 0.036666548825763076 0.9503616704044249 -0.30897938381601775 -4.516211885095533 0.3948987285357016 0.27024330536108493 0.878079466852747 41.349892459602586
0.9320349875232132 -0.14705941941631714 -0.3311862152830881 -6.589113365372379 0.02916951090940032 0.9414309644426501 -0.33594177891696475 -4.573250861472093 0.36119236102928043 0.30344895180165665 0.8817362485372663 41.42382020532491
0.9340108368566546 -0.14595243103787298 -0.32606999939961245 -6.932452533350528 0.032888238940757306 0.9439892839640112 -0.32833305575359956 -4.640723000685723 0.3557275929327147 0.295942764120456 0.8864963395248978 41.521685229860275
0.9438004944970765 -0.13321407441176564 -0.30248080429291235 -7.15844629202435 0.02330092851993763 0.9397188135726715 -0.3411533645557181 -4.700259984788784 0.32969333223039043 0.31493263056754656 0.8900110925638112 41.72781371871213
0.953057827276714 -0.11548574033822559 -0.2798996635316265 -7.375901840667736 0.00971203650248724 0.9355908555187737 -0.3529524435623448 -4.763645669457905 0.3026325399119521 0.33366569324428297 0.8927937897063661 41.923271435175714
0.9565022227794885 -0.11708554277535425 -0.26719744289737346 -7.5428840588473784 0.016310006951790055 0.935952875544502 -0.3517473502859936 -4.841686924035691 0.2912687444459607 0.33208913025419223 0.8971506718917897 42.12871004875463
0.9612976492820414 -0.1179495545255629 -0.24898741348116188 -7.747015766586748 0.023083342800811986 0.9350292605528489 -0.35381837317349646 -4.910477324808977 0.27454323661302854 0.3343773085860058 0.901564100179695 42.28789664516839
0.9675830931359465 -0.11109346588691825 -0.22680652485037286 -7.914088896530362 0.021909499058596744 0.9315934936557388 -0.36284092441358207 -4.991103030830283 0.2516007387279924 0.34610952661770783 0.9038281163230079 42.472382865650296
0.9675505348728368 -0.12086981159951703 -0.22189288206515512 -7.806594275346188 0.029935841160229886 0.9268151812774257 -0.3743226751984558 -5.046712810016794 0.25089800294405 0.35553355453120983 0.9003588638543486 42.7023184124662
0.9703712013152653 -0.12064781065391308 -0.20934143747089887 -7.787145084397473 0.034064260657099325 0.9260692065383082 -0.37581305305616997 -5.130019885608681 0.2392056809606526 0.35754710247173405 0.9027406669194764 42.94579495625986
0.9708953104544135 -0.1308093518406734 -0.200627041070359 -7.745278127917335 0.0451360274670887 0.92259924508914 -0.3831101303612909 -5.192581807112783 0.23521274447213594 0.36290432131896494 0.9016514949834611 43.202050433214666
0.9727401922916817 -0.13676159419800984 -0.1872772934788358 -7.699980507156787 0.055410675407964884 0.9212689480801995 -0.38495867616413293 -5.266824443649394 0.22518031741511457 0.3640876153560128 0.9037333860122705 43.42776534796797
0.9754270593265341 -0.13753836576709702 -0.17211987065909434 -7.65038566022295 0.06198104940367901 0.9209681670478852 -0.38467646769627534 -5.344230220960895 0.21142469450942866 0.36455566547042106 0.9068620431603784 43.66226148827548
0.9774080954221419 -0.14141495961787037 -0.15708349435741106 -7.5501859083941305 0.07116728983854696 0.9199963598279992 -0.3854113578506376 -5.409321267080362 0.1990191746045949 0.3655249746590684 0.9092760092734196 43.88852666557871
0.9790144706151583 -0.14848849688708693 -0.13957733561840074 -7.732097397283503 0.08257018170625537 0.9151937913637296 -0.3944648138202983 -5.391200953964871 0.18631379825207078 0.3746618349145007 0.9082486873314976 43.73371884291382
0.9805916348649407 -0.15228364835476432 -0.12348982175330324 -7.528286576253873 0.0899366550949601 0.9090533236845089 -0.40685802532146537 -5.374656936604742 0.17421665736441383 0.38785531470113305 0.9051059668098855 43.876204862654454
0.9822418966773722 -0.15675719215941397 -0.10309238147376568 -7.69154517863573 0.10130359141392745 0.9056121053069796 -0.4118304227325905 -5.349638152300214 0.15791908934095086 0.3940734670435973 0.905410218516428 43.68865407715038
0.9821709262822804 -0.16604494350908294 -0.08814390677108423 -7.542644113165403 0.11401494394283282 0.898940992661526 -0.42297243913809207 -5.3711050221053185 0.14946860581244525 0.4053815097507286 0.9018453123616633 43.894948280984444
0.9833581766620386 -0.16906860055824308 -0.0665019149888577 -7.423157015833117 0.1253088483769166 0.8962209302918414 -0.42554169786905943 -5.411513382371257 0.1315461474554018 0.41012662972807357 0.9024919715307923 44.119766928809454
0.9838569243259118 -0.17350052279465006 -0.04385340404047449 -7.263737573977099 0.13811351425133642 0.8919879587053103 -0.43044411798267584 -5.442966043472715 0.11379898785621662 0.4174386782687022 0.9015512965151692 44.32795102343051
0.9868810979086343 -0.16135736145659765 -0.00543143575951312 -7.077613474848129 0.14286002760906802 0.8884323874784288 -0.43620970345800414 -5.326379011901547 0.07521111023100645 0.42971117600447467 0.8998286470849178 44.19539293551376
0.9860157143196133 -0.16460954175458034 0.026013647920381258 -7.031098836891899 0.1596067630144511 0.8878466117338225 -0.4315716339529556 -5.430570486606293 0.04794467973432245 0.4296883670709766 0.9017035071957157 44.43052669956075
0.983916975858896 -0.1678467862294572 0.061113345262094734 -6.981361623045436 0.17779133894241214 0.8871753503817945 -0.4258052811697021 -5.5377532878931595 0.017251794507960338 0.4298224680346386 0.9027485926651289 44.67046303944569
0.9802611537226906 -0.17242704406603288 0.09673150974168353 -6.890930073000238 0.19729213731417217 0.8848055090029227 -0.42213152428134176 -5.624147395636135 -0.01280168177469288 0.4328835013173102 0.9013589691299516 44.90682294244173
0.9757195853796562 -0.16859953181901907 0.13980518079439921 -6.738791145572607 0.2124751150329747 0.8835484656855421 -0.41736846344261974 -5.486907029052134 -0.0531565254533341 0.4369397059722738 0.8979187475192818 44.72669404647597
0.969647082169858 -0.17470676134856014 0.1710616367821071 -6.5322900584894 0.23241013462515106 0.8758985316252527 -0.4228324628268867 -5.508172654499628 -0.07596094630134118 0.4497547218605148 0.8899160773922333 44.926303408517434
0.9619835330189932 -0.17277262958130002 0.21151193977611327 -6.823850204864975 0.24960445803936618 0.8705076699767798 -0.4241627176432147 -5.554108986549652 -0.11083905776920676 0.46083187279003024 0.8805388624550718 44.86795127850493
0.9535158798649436 -0.17020397575454088 0.2486726231066155 -6.5765049159305375 0.2644413338765717 0.8683012321625733 -0.4196710034807527 -5.549509315490764 -0.14449307174725368 0.4659222862906542 0.8729479797529386 45.044535725149125
0.9426253160863881 -0.1699323428031079 0.2873682521477948 -6.338503978415652 0.28208887211728073 0.8657823592537063 -0.413336152099828 -5.621508435190008 -0.1785591826275887 0.47068450715371873 0.864044392971121 45.25646618221966
0.9288971985985346 -0.1737401573467715 0.327054050824796 -6.084990148878332 0.30338898204200376 0.8634531050541956 -0.40299362395426386 -5.708196326372097 -0.21237966006966602 0.4735642438966367 0.8547700198833046 45.470283966183814
0.9108565223383237 -0.1851642749734534 0.36885578074267034 -5.839233216031305 0.3333886065588148 0.8569278763597097 -0.3930987811408415 -5.768784315273126 -0.24329495007193003 0.4810289034883441 0.8422700049736447 45.72599440291509
0.8908093944102831 -0.18819328297365745 0.4135721352726464 -5.580720377496588 0.35492172397063193 0.8565086075734347 -0.37473133710211065 -5.8725065428286864 -0.2837061731511951 0.4805999307076708 0.8297797984523912 45.9978790301673
0.8687670017491803 -0.19061838544486684 0.45706512424612666 -5.285451769091084 0.37459576980569936 0.8566374639697512 -0.35475380838992254 -5.9944170992642 -0.3239165107175198 0.4794130645423325 0.8156232019938626 46.237666558187605
0.8453854743187423 -0.1998329305767318 0.49536875120256124 -4.910712438039837 0.4028484065631934 0.8475081151955303 -0.34560549186495954 -6.025727313121528 -0.3507656783956621 0.4917283747505728 0.7969734276152476 46.40076924878959
0.8181283895133391 -0.21074741324306417 0.5350247340858765 -4.5085646091430736 0.43693751501620537 0.8327023314716023 -0.3401359068566955 -6.025536367097316 -0.3738335809471546 0.5120472194760172 0.7733408684293829 46.547169836535694
0.7864214092224993 -0.21716008159443823 0.5782584768755156 -4.907832876893138 0.46219653959338225 0.8279301722914721 -0.3176570298251285 -6.002164645424983 -0.4097752138726815 0.5170813560469147 0.7514726510820519 46.36517361823267
0.7579998315149296 -0.22339409900995968 0.6128061128537008 -4.477477622741846 0.4830859203696712 0.8235436969018706 -0.2973277195852987 -6.019335514890994 -0.4382513536361624 0.5214123663864647 0.7321645274221799 46.52013727741788
0.7256644888251013 -0.2278099822212911 0.6492408348667971 -4.082041838787765 0.5030013310424322 0.8194804822665908 -0.2746659792432688 -6.059301415142685 -0.4694685406156089 0.5258843515303108 0.7092566095481949 46.75877401288573
0.6731515133414703 -0.2013599153768588 0.7115625233003132 -4.142404706848886 0.5088334417504925 0.82434162640857 -0.2480915386030486 -6.337978282298992 -0.5366149165299463 0.5290700024094184 0.6573654720990922 47.13778355459421
0.6280348124481243 -0.20082068735807806 0.7518266594649826 -4.599437639419644 0.5359587348474313 0.812085131942306 -0.23079422223919438 -6.495605948467327 -0.5641989976010202 0.5478948713095249 0.6176493350589227 47.21478640960509
0.590864286363338 -0.21050343398804786 0.7788245626452592 -4.1327317428609085 0.5577609652210326 0.8040768304991416 -0.20582311903710757 -6.501521665819353 -0.582908312495243 0.5560114701458045 0.5925108811576845 47.412278026288874
0.546548598114271 -0.20568961516267623 0.81177362122303 -4.63072923825639 0.5810519124336414 0.7912016210322912 -0.190731932127501 -6.6701822427630955 -0.6030450273043796 0.5759268851947353 0.5519464810589488 47.44150132893156
0.48701406794419294 -0.21088666093548009 0.8475518355026609 -4.412138991137347 0.5954617547124307 0.7900848459407969 -0.14557209516080888 -6.946112022653392 -0.6389386483061185 0.5755803614215798 0.5103573760087732 47.818792834256946
0.42125554987074365 -0.22093605548026762 0.8796198162228465 -4.186605435849258 0.6172687644350716 0.7804232459054466 -0.09959332157937864 -7.197148849455504 -0.6644719965174647 0.5849160765778556 0.46513454957127065 48.232858299321585
0.3668269748641065 -0.2041081885718252 0.907622067751756 -3.9333207071828893 0.6104645248536212 0.7890066547939031 -0.06929330837955397 -7.472322144896385 -0.7019765198404425 0.5794897290279337 0.4140297326809262 48.640801627020316
0.34203571368772395 -0.20747471578817167 0.9164964881933501 -3.386273569667548 0.6171933120818235 0.7850501737154806 -0.05261787026067745 -7.325623575465045 -0.7085788495881084 0.5836526938667517 0.39656720345798036 48.6629521436036
0.3022069532501498 -0.23836755201331716 0.9229582154975582 -3.8472506846172125 0.5959618507070299 0.8029196361781245 0.012228259951751938 -7.5667612047478805 -0.7439760949849957 0.5463524210496117 0.38470586440046783 48.915719686654114
0.26689518867247414 -0.2170274342778963 0.9389707402439302 -3.633667925038407 0.5856387121271718 0.8103046421149785 0.020825124848421698 -7.834247206820766 -0.7653719730441678 0.5443394894160043 0.3433660774462277 49.3880260786678
0.23423448567362135 -0.20246182672201743 0.9508645615657334 -3.2550902907351857 0.5664945123324479 0.8232897401819071 0.03574872317213049 -8.090614230095936 -0.7900747896360488 0.5302859723126734 0.3075363626467012 49.78594624162398
0.21440875593449354 -0.20448969556690483 0.9550983456092752 -3.8235776848378173 0.5532506952335249 0.8312769179572066 0.053780608914343414 -8.256004249997348 -0.8049487894284058 0.5168777902739958 0.2913671160567435 49.894252064178275
0.20454783966022264 -0.20192958015759468 0.9578019763749241 -3.230043749049823 0.5552674254241083 0.8297605037248932 0.05635239765176418 -8.205772266216478 -0.8061254663842538 0.5203094762884831 0.2818506365633805 50.067934676728356
0.19759844483058625 -0.20100965577595095 0.9594529550141394 -2.6242935272407895 0.5603331138765071 0.8262548353294736 0.057703973763776145 -8.147291232415276 -0.8043516992547497 0.5262110464248205 0.2758990368350362 50.237273357286696
0.1938716764585669 -0.20135336910149995 0.9601409239370104 -2.0090332527951174 0.5617422125966179 0.8251613197494185 0.05961948487250221 -8.082387721087377 -0.804275736084468 0.5277931575351079 0.27308409548144086 50.401415276444624
0.19090387157783303 -0.2030451133892842 0.96037929681211 -1.3831449331842047 0.558845970358531 0.8268197381575823 0.06372049911188456 -8.036014199372513 -0.8069986946895501 0.5245396100598756 0.27131403252984254 50.58881545441196
0.19682441724825278 -0.20185398624268544 0.9594347903911027 -0.747529868256371 0.5728307169056757 0.8178562776383287 0.05455344990846625 -7.85570659054151 -0.7956915976332959 0.5388562678168656 0.27660224888865276 50.53359516097478
0.19524442864241773 -0.20697832032328284 0.9586655245706107 -0.09316584160034669 0.5722114728477018 0.8179046897141152 0.06004955357976427 -7.80874020267898 -0.7965259841496515 0.53683507100395 0.2781267033469131 50.72115111622816
0.19499067198420988 -0.21036657721493074 0.9579794053266575 0.5718092121622378 0.577793350230707 0.813891423331385 0.061119517805657955 -7.737399840201812 -0.7925487254852746 0.5415963942074336 0.28024964498315086 50.881786805224024
0.19290871970762113 -0.20834775108135614 0.9588417181579572 1.2280758053213998 0.578501477506217 0.8134445259247982 0.06036591559905694 -7.710685265351138 -0.7925416496209531 0.5430462391567853 0.2774500238849853 51.100091861425305
0.1934280087341774 -0.20122774420714679 0.9602567367107765 1.8958301033147738 0.5788522610276958 0.8136487756864698 0.053904820999990534 -7.664130674076687 -0.7921588637011304 0.5454200810249095 0.2738635972058426 51.2973147701253
0.19572530333606145 -0.1935702025642236 0.9613647498807348 2.570219486930292 0.5798105513710894 0.8134660234894996 0.04574661896733189 -7.615804463432667 -0.7908927425085978 0.548455654823098 0.27144993007883556 51.49358257071985
0.19792318068214382 -0.19281591520213848 0.9610663022879433 3.261443674569196 0.5808994274131066 0.8128152818548866 0.04344160234491827 -7.566211752562279 -0.7895456096893958 0.5496847645950629 0.2728816406288263 51.695609011464164
0.20090075912033878 -0.19656744696443418 0.9596875136098993 3.971249825809473 0.5802378176846745 0.8131976604358704 0.04509589770878258 -7.51564881604722 -0.7892800262982771 0.5477871884733322 0.2774278937509387 51.89485261553581
0.2315882692622485 -0.17139521183677472 0.9575962379309654 4.610748645924883 0.6127530220262375 0.7902456549947051 -0.006748241230902542 -7.189925780587389 -0.75557965002893 0.5883328021803844 0.2880345575460444 51.7183102758942
0.23341658227343345 -0.1718417013332484 0.9570721648876216 5.305456841228834 0.6108754033910915 0.7916972404872136 -0.006835271516922044 -7.212481570244004 -0.7565368072021158 0.5862473105165025 0.28976913269119137 51.96186047257967
0.23537408829359055 -0.16878194444244013 0.9571372387438413 6.004419567032381 0.6185601132238444 0.7856201795179983 -0.013576445139291005 -7.203898999788554 -0.7496548705160772 0.5952424621650771 0.2893164121635502 52.164491273983046
0.23739704418982613 -0.16368151754298074 0.9575233700671516 6.699993071574594 0.6192439783111161 0.7849602983797088 -0.019344903542489425 -7.220372729292476 -0.7484514271049034 0.5975330039273749 0.28770604874102085 52.387376453107116
0.2411686422369916 -0.16173841089506166 0.9569108487433409 7.402292053373624 0.613993768600827 0.7890211954928887 -0.02138235680028722 -7.238517874635208 -0.751564593445521 0.5926940521922922 0.28959354684619376 52.61331050538355
0.24642039186122897 -0.16395714376056233 0.9551937214433686 8.101572128520093 0.6138727205683266 0.7890720997169769 -0.022923882530902263 -7.2258276589806325 -0.749958181112127 0.5920162805684713 0.2950922739159268 52.82610818655139
0.25123137200849877 -0.16912915450827606 0.9530362673130746 8.818393429499203 0.6195199238871318 0.7846117324961539 -0.024072663672181905 -7.223924073696996 -0.7436920475745452 0.5964727641097343 0.3018979629770345 53.024508266400495
0.2551453539098385 -0.1699622812874449 0.9518475042346785 9.532385045117914 0.6261685592978544 0.7791586072991633 -0.028719331790371817 -7.214737048288382 -0.7367589726125384 0.603344584471596 0.3052237354199763 53.22065770894294
0.2581307883261049 -0.16529182954152988 0.9518650677511767 10.223093429225065 0.626400302175236 0.7787313643301093 -0.03464280074340433 -7.225013875161825 -0.7355210109527308 0.6051909395351086 0.3045533929407045 53.44141671295358
0.26240791198654334 -0.1638753913249654 0.950940031676523 10.918426024723075 0.6233078372777725 0.7810818920690087 -0.03739542578995581 -7.258878973977817 -0.7366338491509736 0.6025412301245405 0.30710688413813814 53.67750038364758
0.2658827079423788 -0.1634083492686318 0.9500547863184119 11.612884102668863 0.6203782994643735 0.7833381398407742 -0.038886041512299456 -7.301563573578092 -0.7378598452083774 0.5997324987526554 0.3096510596929633 53.926629176944616
0.26787714324620476 -0.1674253245569792 0.9487942858297771 12.31479950923684 0.6223234359257569 0.7818500198202486 -0.0377370852696038 -7.34120027299427 -0.7354966874322568 0.6005658225407723 0.31363245299571935 54.16266527058839
0.27107150960796716 -0.16808824388261445 0.9477692646141839 13.017252874027719 0.6267133547513976 0.7781579056130354 -0.04123887617518325 -7.352711278759482 -0.7305823756806057 0.6051583397759636 0.31627958540584206 54.38288495773344
0.25770376639791315 -0.13397885018205852 0.9568899813919141 13.416181326241336 0.6049213461309437 0.7946079172724214 -0.05165677886899922 -7.7174405096971475 -0.7534314393357022 0.5921553221173357 0.2858201194959095 54.88364758585212
0.2605662505096187 -0.1346764199161747 0.9560164700536884 14.12023421654592 0.6065502447934502 0.7932381762515676 -0.053572346206807536 -7.7505960432788195 -0.7511338293782114 0.5938311693197463 0.2883791128150184 55.09526681069913
0.2638178541629162 -0.1363941608311278 0.9548805017990685 14.828349036695764 0.6078815390791763 0.7921344520341163 -0.054800039665606176 -7.782860010510789 -0.7489193376269694 0.5949114579429372 0.2918907037515947 55.311409893287
0.2676747459277597 -0.13762292767438083 0.9536299912286922 15.539491252632859 0.6103031263204717 0.7900940736647696 -0.057283931108798335 -7.808788343183413 -0.7455738222308909 0.5973368267051259 0.2954799334402948 55.52359433872792
0.2710512599998407 -0.13648459229065837 0.9528395303091418 16.241790424442215 0.6089675155596541 0.7909272462231984 -0.05993877021510961 -7.845400815207777 -0.745446027184808 0.5964948006890324 0.29749650973641495 55.754389740836025
0.2748294424514836 -0.13388047014959853 0.9521264607573531 16.94944963518896 0.6062362955204393 0.7927438541196989 -0.06351956981206038 -7.884844032825153 -0.7462883702399998 0.5946706663927296 0.2990325517005829 55.981080768947606
0.2774006712526727 -0.13477094836355907 0.9512547813628838 17.65919599412135 0.608304782706232 0.7910108656212382 -0.06532305722998798 -7.929035188400229 -0.7436492176593105 0.5967734929990869 0.3014087575508952 56.20412509521414
0.2807681468711272 -0.1347399060535668 0.9502707011263811 18.371335811960456 0.6072527441029297 0.7916643675666325 -0.06716869735817999 -7.973713039278958 -0.743245149652542 0.5959133215846116 0.30409531511678417 56.433915476112894
0.2838190341008014 -0.13394755286816076 0.9494760707688816 19.08031413790299 0.6058840225161578 0.7925283971345571 -0.06930577894359982 -8.016744575367968 -0.7432034089949686 0.5949426802776603 0.30609132631014174 56.662947079351234
0.28725730893275786 -0.13271424889294348 0.9486148673753152 19.798556616734306 0.6032287095179015 0.7943536815613934 -0.07153567364075612 -8.064198665989364 -0.7440419090871768 0.5927808673790406 0.3082409460004813 56.90041129181074
0.2908446715836984 -0.13034955811732543 0.9478493391409752 20.512313174634972 0.6018840230848578 0.7950203788014352 -0.07535396502917595 -8.121176273895417 -0.7437371846066125 0.5924116727319323 0.3096827574218389 57.1423164763564
0.29471832331206466 -0.12789734651431822 0.9469864722680663 21.2309628083597 0.6033538553470285 0.7933878872503877 -0.08062124783363377 -8.172906307660172 -0.7410163528168698 0.5951284979892728 0.3109933049746032 57.374057803032535
0.2980693189964728 -0.12637042206695676 0.9461422712782646 21.951571587693643 0.6049008812500335 0.7917711410307947 -0.08481382018124346 -8.23468708091309 -0.7384101874540503 0.5976026913070412 0.31244426448034857 57.62078770565369
0.3044205309403057 -0.1234144187154413 0.9445088785157857 22.68307789369662 0.602590629849542 0.7928892692864079 -0.0906153379291174 -8.273964507689428 -0.737707715263686 0.5967373692870273 0.31574014463929095 57.85066067265878
0.3089128187745176 -0.1235525728905588 0.9430310875728862 23.415637778240917 0.6007390178956825 0.7940462214403735 -0.09275360151501619 -8.332076800901723 -0.7373503256760155 0.5951683458891227 0.3195139077991584 58.099269434150564
0.3126391611796034 -0.12378981363842007 0.9417711170641592 24.15025161153328 0.6025158692933095 0.7923279005411165 -0.0958703565960021 -8.404089159978952 -0.7343237583972444 0.5974048711414046 0.3222980573783791 58.35038368073857
0.34790516413569805 -0.0838583128140659 0.9337718030330996 24.831969895494886 0.623525768837579 0.764481194831506 -0.16365854192344742 -8.042899620169086 -0.7001268544794091 0.6391684332951502 0.31825477453732154 58.229270511104424
0.3534271735564224 -0.08241469736823755 0.9318245814795906 25.577512846556118 0.6212613935829141 0.7653955625245803 -0.16794020873842727 -8.141618412369995 -0.6993736582366731 0.6382612713657223 0.321712660054396 58.465718818129645
0.35789041446905895 -0.08488048943430586 0.9298977114417218 26.316566414629218 0.6207720642774835 0.7655509153458767 -0.16903798456492505 -8.275896808349971 -0.6975360173093929 0.6377515962555389 0.32667477103332077 58.726616510750084
0.3616557982382326 -0.08392487713803654 0.9285266278346715 27.064932000882532 0.6187750032938136 0.7665694540485585 -0.1717229379507735 -8.421400493580695 -0.6973683236994779 0.6366536633971922 0.32916490393649955 59.00636898572821
0.36712137099868414 -0.08038964724359483 0.9266927233835879 27.787059860438706 0.6167871278360643 0.7667788397017073 -0.17783095883858818 -8.559936745089614 -0.6962726031460632 0.6368576886571761 0.3310841985152028 59.27042754289143
0.37276336231250046 -0.07197056247327151 0.9251311873754743 28.51783400107219 0.6144944588715928 0.7661954516187843 -0.18799226030559263 -8.708179606272513 -0.6953013992029625 0.6385646154117652 0.32983510457566056 59.549573974150086
0.38006843516394345 -0.06766060999767161 0.9224803664288841 29.267829043673235 0.6134308797298891 0.7648767762945043 -0.19663690619807694 -8.850216949543833 -0.6922792358476855 0.6406134239462028 0.332210626973427 59.81992034821302
0.3867201831301888 -0.06389237449153219 0.9199811217854312 30.017420764199926 0.6092984345740166 0.7665458672396689 -0.20288630077816364 -9.016956022605308 -0.6922448393346213 0.6390032847330487 0.33536828191552237 60.11583971715796
0.39406116756654763 -0.06556899384784107 0.9167423319896731 30.748886236212332 0.6065065592439985 0.767988035649468 -0.20577699262378168 -9.184076940085703 -0.6905545523780908 0.6370989594600359 0.34240228685691465 60.39666599979686
0.40272826821784397 -0.0685686740129892 0.9127476534740309 31.509855035073645 0.6076467187826322 0.7657811909778321 -0.21058165327797154 -9.330278453695874 -0.6845256804028367 0.6394353012531294 0.35006726265157023 60.672501482844936
0.4106921851301891 -0.07239353375543722 0.9088955414916409 32.26711371289631 0.6065801303069399 0.7659352163738289 -0.21308165062999115 -9.495116947478087 -0.6807293695660672 0.6388289447017748 0.358476086819486 60.951760163482135
0.41730970131251144 -0.07658505396371806 0.9055315249619029 33.00754624398356 0.6034012968019089 0.7684413922943116 -0.21308379015439963 -9.678474943073194 -0.6795288722403532 0.6353208292808927 0.36688956877186235 61.27226970035472
0.4244607971734708 -0.08219656969424814 0.9017076885517573 33.7483082116478 0.5998087929677196 0.7715428073842706 -0.21201676408297418 -9.852178703691754 -0.6782790307399148 0.6308450049767408 0.37679190033018023 61.58579174896842
0.43202152576150227 -0.0850325622488875 0.8978456797446238 34.506950527562985 0.5989270896215817 0.7713644695626486 -0.21513529792613134 -10.024216301589842 -0.6742727508924962 0.6306871795539616 0.3841743600894606 61.88555291650612
0.4387705623363451 -0.08368383408497596 0.8946940312418982 35.21907008524297 0.5983979931450688 0.7699888323740616 -0.2214430848303759 -10.196142340222504 -0.6703732060777865 0.6325458196305428 0.3879246713486086 62.19937160721442
0.4446365163044064 -0.07802574790807773 0.8923061980240077 35.94175582916045 0.5974500569977248 0.7680498100633492 -0.230549167543669 -10.371062032699978 -0.6673468346835143 0.6356189675623648 0.38811947942980096 62.497774777661746
0.45278921263942806 -0.07453571482058985 0.8884966832428491 36.66853525963049 0.59618158172086 0.7662824679583665 -0.23953851656144717 -10.515104388375551 -0.6629852566491878 0.6381658142801344 0.3914012556827019 62.78870006916009
0.46025030824456203 -0.07347054160471488 0.8847438800450045 37.369909318678054 0.5992355243482296 0.761018627597671 -0.24853055105654495 -10.658325961314885 -0.6550468991758502 0.6445562256046214 0.39428521645433273 63.088815460125
0.46573881198252276 -0.07443374886911207 0.8817862416948862 38.05947111268507 0.5978939955085683 0.7610821155932657 -0.2515487695435804 -10.852553483346076 -0.6523880203896424 0.6443707243143325 0.39896897184958885 63.401216751298314
