1.000000000000000000e+00 1.756209800000000017e-09 0.000000000000000000e+00 -8.000000000000000000e+00 -1.756209800000000017e-09 1.000000000000000000e+00 0.000000000000000000e+00 5.000000000000000000e+00 0.000000000000000000e+00 0.000000000000000000e+00 1.000000000000000000e+00 0.000000000000000000e+00
9.974520449139731015e-01 -7.134015767387466567e-02 0.000000000000000000e+00 -8.008485999999999549e+00 7.134015767387466567e-02 9.974520449139731015e-01 0.000000000000000000e+00 4.602244999999999919e+00 0.000000000000000000e+00 0.000000000000000000e+00 1.000000000000000000e+00 0.000000000000000000e+00
9.895155557589858653e-01 -1.444263303936833553e-01 0.000000000000000000e+00 -7.984868500000000147e+00 1.444263303936833553e-01 9.895155557589858653e-01 0.000000000000000000e+00 4.205635499999999638e+00 0.000000000000000000e+00 0.000000000000000000e+00 1.000000000000000000e+00 0.000000000000000000e+00
9.589024126988349161e-01 -2.837360796944111141e-01 0.000000000000000000e+00 -7.880516000000000076e+00 2.837360796944111141e-01 9.589024126988349161e-01 0.000000000000000000e+00 3.882449999999999957e+00 0.000000000000000000e+00 0.000000000000000000e+00 1.000000000000000000e+00 0.000000000000000000e+00
9.218885355451587049e-01 -3.874551948682616320e-01 0.000000000000000000e+00 -7.713474800000000187e+00 3.874551948682616320e-01 9.218885355451587049e-01 0.000000000000000000e+00 3.573040499999999842e+00 0.000000000000000000e+00 0.000000000000000000e+00 1.000000000000000000e+00 0.000000000000000000e+00
8.520532662971582738e-01 -5.234550901389191102e-01 0.000000000000000000e+00 -7.549583000000000155e+00 5.234550901389191102e-01 8.520532662971582738e-01 0.000000000000000000e+00 3.111237299999999983e+00 0.000000000000000000e+00 0.000000000000000000e+00 1.000000000000000000e+00 0.000000000000000000e+00
8.716731604192842209e-01 -4.900876466558372058e-01 0.000000000000000000e+00 -7.153304600000000235e+00 4.900876466558372058e-01 8.716731604192842209e-01 0.000000000000000000e+00 2.734803700000000060e+00 0.000000000000000000e+00 0.000000000000000000e+00 1.000000000000000000e+00 0.000000000000000000e+00
8.612595772884110712e-01 -5.081652689125728539e-01 0.000000000000000000e+00 -6.887097400000000036e+00 5.081652689125728539e-01 8.612595772884110712e-01 0.000000000000000000e+00 2.337247599999999981e+00 0.000000000000000000e+00 0.000000000000000000e+00 1.000000000000000000e+00 0.000000000000000000e+00
7.761202460191630736e-01 -6.305849377515718723e-01 0.000000000000000000e+00 -6.612853499999999940e+00 6.305849377515718723e-01 7.761202460191630736e-01 0.000000000000000000e+00 2.006568199999999802e+00 0.000000000000000000e+00 0.000000000000000000e+00 1.000000000000000000e+00 0.000000000000000000e+00
7.091801932621647486e-01 -7.050272714474516977e-01 0.000000000000000000e+00 -6.321189999999999642e+00 7.050272714474516977e-01 7.091801932621647486e-01 0.000000000000000000e+00 1.597300399999999954e+00 0.000000000000000000e+00 0.000000000000000000e+00 1.000000000000000000e+00 0.000000000000000000e+00
6.724162657007005661e-01 -7.401731997452521972e-01 0.000000000000000000e+00 -5.923979799999999685e+00 7.401731997452521972e-01 6.724162657007005661e-01 0.000000000000000000e+00 1.351221599999999912e+00 0.000000000000000000e+00 0.000000000000000000e+00 1.000000000000000000e+00 0.000000000000000000e+00
7.588420910151796317e-01 -6.512746585763258267e-01 0.000000000000000000e+00 -5.680135299999999887e+00 6.512746585763258267e-01 7.588420910151796317e-01 0.000000000000000000e+00 1.037870400000000082e+00 0.000000000000000000e+00 0.000000000000000000e+00 1.000000000000000000e+00 0.000000000000000000e+00
7.281405712209534364e-01 -6.854278288354096471e-01 0.000000000000000000e+00 -5.333870400000000345e+00 6.854278288354096471e-01 7.281405712209534364e-01 0.000000000000000000e+00 7.765955300000000339e-01 0.000000000000000000e+00 0.000000000000000000e+00 1.000000000000000000e+00 0.000000000000000000e+00
6.873058746153680731e-01 -7.263681124052761007e-01 0.000000000000000000e+00 -5.066123000000000154e+00 7.263681124052761007e-01 6.873058746153680731e-01 0.000000000000000000e+00 2.627521999999999913e-01 0.000000000000000000e+00 0.000000000000000000e+00 1.000000000000000000e+00 0.000000000000000000e+00
5.428556347613088251e-01 -8.398260294893796774e-01 0.000000000000000000e+00 -4.737876400000000210e+00 8.398260294893796774e-01 5.428556347613088251e-01 0.000000000000000000e+00 1.564426899999999954e-01 0.000000000000000000e+00 0.000000000000000000e+00 1.000000000000000000e+00 0.000000000000000000e+00
5.351916659771485119e-01 -8.447306556936383659e-01 0.000000000000000000e+00 -4.323574999999999946e+00 8.447306556936383659e-01 5.351916659771485119e-01 0.000000000000000000e+00 -1.463806599999999958e-01 0.000000000000000000e+00 0.000000000000000000e+00 1.000000000000000000e+00 0.000000000000000000e+00
4.221249083404842728e-01 -9.065376780688918501e-01 0.000000000000000000e+00 -4.126548299999999614e+00 9.065376780688918501e-01 4.221249083404842728e-01 0.000000000000000000e+00 -3.924778700000000065e-01 0.000000000000000000e+00 0.000000000000000000e+00 1.000000000000000000e+00 0.000000000000000000e+00
4.013983013530664223e-01 -9.159035995512152528e-01 0.000000000000000000e+00 -3.538466500000000181e+00 9.159035995512152528e-01 4.013983013530664223e-01 0.000000000000000000e+00 -5.555212499999999665e-01 0.000000000000000000e+00 0.000000000000000000e+00 1.000000000000000000e+00 0.000000000000000000e+00
4.688308928174847456e-01 -8.832879450892331397e-01 0.000000000000000000e+00 -3.178229299999999924e+00 8.832879450892331397e-01 4.688308928174847456e-01 0.000000000000000000e+00 -8.502059600000000383e-01 0.000000000000000000e+00 0.000000000000000000e+00 1.000000000000000000e+00 0.000000000000000000e+00
4.611703459984229370e-01 -8.873116205548616797e-01 0.000000000000000000e+00 -2.821264300000000169e+00 8.873116205548616797e-01 4.611703459984229370e-01 0.000000000000000000e+00 -8.488437500000000080e-01 0.000000000000000000e+00 0.000000000000000000e+00 1.000000000000000000e+00 0.000000000000000000e+00
3.405614949026019578e-01 -9.402222440411123205e-01 0.000000000000000000e+00 -2.899169000000000107e+00 9.402222440411123205e-01 3.405614949026019578e-01 0.000000000000000000e+00 -9.797738000000000280e-01 0.000000000000000000e+00 0.000000000000000000e+00 1.000000000000000000e+00 0.000000000000000000e+00
2.253782199666290453e-01 -9.742713471947503923e-01 0.000000000000000000e+00 -2.601306399999999908e+00 9.742713471947503923e-01 2.253782199666290453e-01 0.000000000000000000e+00 -9.502717999999999998e-01 0.000000000000000000e+00 0.000000000000000000e+00 1.000000000000000000e+00 0.000000000000000000e+00
1.026916743156386785e-01 -9.947132350714203985e-01 0.000000000000000000e+00 -2.104672700000000063e+00 9.947132350714203985e-01 1.026916743156386785e-01 0.000000000000000000e+00 -9.317173399999999495e-01 0.000000000000000000e+00 0.000000000000000000e+00 1.000000000000000000e+00 0.000000000000000000e+00
-1.148656696475734290e-01 -9.933810336101723815e-01 0.000000000000000000e+00 -1.696099599999999930e+00 9.933810336101723815e-01 -1.148656696475734290e-01 0.000000000000000000e+00 -8.393764000000000225e-01 0.000000000000000000e+00 0.000000000000000000e+00 1.000000000000000000e+00 0.000000000000000000e+00
-2.760019357040998655e-01 -9.611570795076057605e-01 0.000000000000000000e+00 -1.267116700000000096e+00 9.611570795076057605e-01 -2.760019357040998655e-01 0.000000000000000000e+00 -7.609548600000000107e-01 0.000000000000000000e+00 0.000000000000000000e+00 1.000000000000000000e+00 0.000000000000000000e+00
-4.142110018653575310e-01 -9.101808863812164141e-01 0.000000000000000000e+00 -9.643755999999999995e-01 9.101808863812164141e-01 -4.142110018653575310e-01 0.000000000000000000e+00 -5.504752400000000323e-01 0.000000000000000000e+00 0.000000000000000000e+00 1.000000000000000000e+00 0.000000000000000000e+00
-5.627399596371079893e-01 -8.266339805667476393e-01 0.000000000000000000e+00 -8.015493000000000201e-01 8.266339805667476393e-01 -5.627399596371079893e-01 0.000000000000000000e+00 -2.894089499999999981e-01 0.000000000000000000e+00 0.000000000000000000e+00 1.000000000000000000e+00 0.000000000000000000e+00
-6.468570326362605982e-01 -7.626112897990768857e-01 0.000000000000000000e+00 -6.324906999999999613e-01 7.626112897990768857e-01 -6.468570326362605982e-01 0.000000000000000000e+00 -9.187191999999999581e-02 0.000000000000000000e+00 0.000000000000000000e+00 1.000000000000000000e+00 0.000000000000000000e+00
-8.029829280544386050e-01 -5.960020278934629046e-01 0.000000000000000000e+00 -3.776237700000000252e-01 5.960020278934629046e-01 -8.029829280544386050e-01 0.000000000000000000e+00 2.480145699999999898e-01 0.000000000000000000e+00 0.000000000000000000e+00 1.000000000000000000e+00 0.000000000000000000e+00
-8.979476157073457143e-01 -4.401023511019829249e-01 0.000000000000000000e+00 -6.629546999999999524e-02 4.401023511019829249e-01 -8.979476157073457143e-01 0.000000000000000000e+00 6.570915000000000505e-01 0.000000000000000000e+00 0.000000000000000000e+00 1.000000000000000000e+00 0.000000000000000000e+00
9.256877126261724431e-01 3.782885918091171140e-01 0.000000000000000000e+00 5.607856800000000225e-02 -3.782885918091171140e-01 9.256877126261724431e-01 0.000000000000000000e+00 9.765376999999999530e-01 0.000000000000000000e+00 0.000000000000000000e+00 1.000000000000000000e+00 0.000000000000000000e+00
9.593820381762094840e-01 2.821100934473316779e-01 0.000000000000000000e+00 1.800777000000000072e-01 -2.821100934473316779e-01 9.593820381762094840e-01 0.000000000000000000e+00 1.502538799999999952e+00 0.000000000000000000e+00 0.000000000000000000e+00 1.000000000000000000e+00 0.000000000000000000e+00
9.752636947567594472e-01 2.210446237513917778e-01 0.000000000000000000e+00 2.648947199999999724e-01 -2.210446237513917778e-01 9.752636947567594472e-01 0.000000000000000000e+00 1.909456100000000101e+00 0.000000000000000000e+00 0.000000000000000000e+00 1.000000000000000000e+00 0.000000000000000000e+00
9.999995376704868821e-01 9.615918118092144995e-04 0.000000000000000000e+00 4.000767800000000207e-01 -9.615918118092144995e-04 9.999995376704868821e-01 0.000000000000000000e+00 2.146879000000000204e+00 0.000000000000000000e+00 0.000000000000000000e+00 1.000000000000000000e+00 0.000000000000000000e+00
9.813538857528598669e-01 -1.922096535498749037e-01 0.000000000000000000e+00 1.848840300000000048e-01 1.922096535498749037e-01 9.813538857528598669e-01 0.000000000000000000e+00 2.584566800000000164e+00 0.000000000000000000e+00 0.000000000000000000e+00 1.000000000000000000e+00 0.000000000000000000e+00
9.384122901983538156e-01 -3.455175445685510494e-01 0.000000000000000000e+00 7.269982000000000354e-03 3.455175445685510494e-01 9.384122901983538156e-01 0.000000000000000000e+00 3.038390600000000052e+00 0.000000000000000000e+00 0.000000000000000000e+00 1.000000000000000000e+00 0.000000000000000000e+00
8.667747860937279336e-01 -4.986997796191333099e-01 0.000000000000000000e+00 -2.748923999999999812e-01 4.986997796191333099e-01 8.667747860937279336e-01 0.000000000000000000e+00 3.321906300000000201e+00 0.000000000000000000e+00 0.000000000000000000e+00 1.000000000000000000e+00 0.000000000000000000e+00
7.713800844421374592e-01 -6.363747051274436517e-01 0.000000000000000000e+00 -4.153216200000000025e-01 6.363747051274436517e-01 7.713800844421374592e-01 0.000000000000000000e+00 3.767546700000000026e+00 0.000000000000000000e+00 0.000000000000000000e+00 1.000000000000000000e+00 0.000000000000000000e+00
7.627267243007136432e-01 -6.467209166537782883e-01 0.000000000000000000e+00 -5.898122000000000087e-01 6.467209166537782883e-01 7.627267243007136432e-01 0.000000000000000000e+00 4.165657000000000387e+00 0.000000000000000000e+00 0.000000000000000000e+00 1.000000000000000000e+00 0.000000000000000000e+00
7.463895988472414311e-01 -6.655092536792062141e-01 0.000000000000000000e+00 -9.232734999999999692e-01 6.655092536792062141e-01 7.463895988472414311e-01 0.000000000000000000e+00 4.623389200000000088e+00 0.000000000000000000e+00 0.000000000000000000e+00 1.000000000000000000e+00 0.000000000000000000e+00
-7.573187856618690539e-01 6.530453712290074098e-01 0.000000000000000000e+00 -8.348098999999999936e-01 -6.530453712290074098e-01 -7.573187856618690539e-01 0.000000000000000000e+00 4.482249000000000372e+00 0.000000000000000000e+00 0.000000000000000000e+00 1.000000000000000000e+00 0.000000000000000000e+00
6.314959547431555631e-01 -7.753791712078874632e-01 0.000000000000000000e+00 -1.409045600000000009e+00 7.753791712078874632e-01 6.314959547431555631e-01 0.000000000000000000e+00 4.941305999999999976e+00 0.000000000000000000e+00 0.000000000000000000e+00 1.000000000000000000e+00 0.000000000000000000e+00
4.739207700484152630e-01 -8.805674895865263085e-01 0.000000000000000000e+00 -1.790881299999999898e+00 8.805674895865263085e-01 4.739207700484152630e-01 0.000000000000000000e+00 5.164516400000000118e+00 0.000000000000000000e+00 0.000000000000000000e+00 1.000000000000000000e+00 0.000000000000000000e+00
3.802698237899562739e-01 -9.248755922364669813e-01 0.000000000000000000e+00 -2.226748999999999867e+00 9.248755922364669813e-01 3.802698237899562739e-01 0.000000000000000000e+00 5.516295999999999644e+00 0.000000000000000000e+00 0.000000000000000000e+00 1.000000000000000000e+00 0.000000000000000000e+00
2.736751742919151242e-01 -9.618221763799635893e-01 0.000000000000000000e+00 -2.690185300000000002e+00 9.618221763799635893e-01 2.736751742919151242e-01 0.000000000000000000e+00 5.800575699999999557e+00 0.000000000000000000e+00 0.000000000000000000e+00 1.000000000000000000e+00 0.000000000000000000e+00
2.104214282964317062e-01 -9.776107725028860829e-01 0.000000000000000000e+00 -3.174992599999999943e+00 9.776107725028860829e-01 2.104214282964317062e-01 0.000000000000000000e+00 5.852823700000000073e+00 0.000000000000000000e+00 0.000000000000000000e+00 1.000000000000000000e+00 0.000000000000000000e+00
1.789558039440758697e-01 -9.838571137287820401e-01 0.000000000000000000e+00 -3.558757299999999901e+00 9.838571137287820401e-01 1.789558039440758697e-01 0.000000000000000000e+00 5.893676300000000090e+00 0.000000000000000000e+00 0.000000000000000000e+00 1.000000000000000000e+00 0.000000000000000000e+00
5.264267489750085183e-02 -9.986134130781720852e-01 0.000000000000000000e+00 -4.070418000000000092e+00 9.986134130781720852e-01 5.264267489750085183e-02 0.000000000000000000e+00 6.204341000000000328e+00 0.000000000000000000e+00 0.000000000000000000e+00 1.000000000000000000e+00 0.000000000000000000e+00
-7.629317322843671978e-02 -9.970854284958414748e-01 0.000000000000000000e+00 -4.543102700000000382e+00 9.970854284958414748e-01 -7.629317322843671978e-02 0.000000000000000000e+00 6.183088999999999835e+00 0.000000000000000000e+00 0.000000000000000000e+00 1.000000000000000000e+00 0.000000000000000000e+00
-1.059000331372279557e-01 -9.943767811959076663e-01 0.000000000000000000e+00 -5.119138699999999709e+00 9.943767811959076663e-01 -1.059000331372279557e-01 0.000000000000000000e+00 6.174426000000000414e+00 0.000000000000000000e+00 0.000000000000000000e+00 1.000000000000000000e+00 0.000000000000000000e+00
-1.910044950771591643e-01 -9.815891619513326116e-01 0.000000000000000000e+00 -5.565183000000000213e+00 9.815891619513326116e-01 -1.910044950771591643e-01 0.000000000000000000e+00 6.217431999999999626e+00 0.000000000000000000e+00 0.000000000000000000e+00 1.000000000000000000e+00 0.000000000000000000e+00
-1.647356368994461195e-01 -9.863377565192026353e-01 0.000000000000000000e+00 -6.006242000000000303e+00 9.863377565192026353e-01 -1.647356368994461195e-01 0.000000000000000000e+00 6.053655599999999914e+00 0.000000000000000000e+00 0.000000000000000000e+00 1.000000000000000000e+00 0.000000000000000000e+00
-3.581138506611619698e-01 -9.336779262490010334e-01 0.000000000000000000e+00 -6.468831500000000290e+00 9.336779262490010334e-01 -3.581138506611619698e-01 0.000000000000000000e+00 6.026420599999999794e+00 0.000000000000000000e+00 0.000000000000000000e+00 1.000000000000000000e+00 0.000000000000000000e+00
-4.086952242848296279e-01 -9.126709229764979892e-01 0.000000000000000000e+00 -6.756998499999999908e+00 9.126709229764979892e-01 -4.086952242848296279e-01 0.000000000000000000e+00 6.052346700000000190e+00 0.000000000000000000e+00 0.000000000000000000e+00 1.000000000000000000e+00 0.000000000000000000e+00
-5.082673421596320962e-01 -8.611993432963028772e-01 0.000000000000000000e+00 -7.067619999999999791e+00 8.611993432963028772e-01 -5.082673421596320962e-01 0.000000000000000000e+00 5.805007999999999946e+00 0.000000000000000000e+00 0.000000000000000000e+00 1.000000000000000000e+00 0.000000000000000000e+00
-5.928344842030613959e-01 -8.053243286649733879e-01 0.000000000000000000e+00 -7.601193999999999562e+00 8.053243286649733879e-01 -5.928344842030613959e-01 0.000000000000000000e+00 5.726414000000000115e+00 0.000000000000000000e+00 0.000000000000000000e+00 1.000000000000000000e+00 0.000000000000000000e+00
-6.905274212942271728e-01 -7.233062148500764010e-01 0.000000000000000000e+00 -8.074588000000000321e+00 7.233062148500764010e-01 -6.905274212942271728e-01 0.000000000000000000e+00 5.404530000000000278e+00 0.000000000000000000e+00 0.000000000000000000e+00 1.000000000000000000e+00 0.000000000000000000e+00
-7.521970427180658669e-01 -6.589382436360756712e-01 0.000000000000000000e+00 -8.290193000000000367e+00 6.589382436360756712e-01 -7.521970427180658669e-01 0.000000000000000000e+00 5.090406999999999904e+00 0.000000000000000000e+00 0.000000000000000000e+00 1.000000000000000000e+00 0.000000000000000000e+00
-9.529365233194357909e-01 -3.031698905298255142e-01 0.000000000000000000e+00 -8.621062999999999477e+00 3.031698905298255142e-01 -9.529365233194357909e-01 0.000000000000000000e+00 4.680015000000000036e+00 0.000000000000000000e+00 0.000000000000000000e+00 1.000000000000000000e+00 0.000000000000000000e+00
-9.792314841700519024e-01 -2.027454078644383983e-01 0.000000000000000000e+00 -8.762221000000000259e+00 2.027454078644383983e-01 -9.792314841700519024e-01 0.000000000000000000e+00 4.328130699999999997e+00 0.000000000000000000e+00 0.000000000000000000e+00 1.000000000000000000e+00 0.000000000000000000e+00
1.360584997334444157e-01 -9.907008048095470309e-01 0.000000000000000000e+00 -8.657170999999999950e+00 9.907008048095470309e-01 1.360584997334444157e-01 0.000000000000000000e+00 4.421989400000000181e+00 0.000000000000000000e+00 0.000000000000000000e+00 1.000000000000000000e+00 0.000000000000000000e+00
-9.660126662565576838e-01 2.584947361783145325e-01 0.000000000000000000e+00 -8.568269000000000801e+00 -2.584947361783145325e-01 -9.660126662565576838e-01 0.000000000000000000e+00 4.039889999999999759e+00 0.000000000000000000e+00 0.000000000000000000e+00 1.000000000000000000e+00 0.000000000000000000e+00
-8.331637537348020039e-01 5.530263641658814677e-01 0.000000000000000000e+00 -8.491528499999999369e+00 -5.530263641658814677e-01 -8.331637537348020039e-01 0.000000000000000000e+00 3.689096000000000153e+00 0.000000000000000000e+00 0.000000000000000000e+00 1.000000000000000000e+00 0.000000000000000000e+00
-6.290762311998299161e-01 7.773436147157948284e-01 0.000000000000000000e+00 -8.208009000000000555e+00 -7.773436147157948284e-01 -6.290762311998299161e-01 0.000000000000000000e+00 3.282884600000000042e+00 0.000000000000000000e+00 0.000000000000000000e+00 1.000000000000000000e+00 0.000000000000000000e+00
-3.012286335189200970e-01 9.535519442318410865e-01 0.000000000000000000e+00 -7.762053500000000383e+00 -9.535519442318410865e-01 -3.012286335189200970e-01 0.000000000000000000e+00 3.094866000000000117e+00 0.000000000000000000e+00 0.000000000000000000e+00 1.000000000000000000e+00 0.000000000000000000e+00
-1.404841107001693692e-02 9.999013162039580571e-01 0.000000000000000000e+00 -7.271721399999999669e+00 -9.999013162039580571e-01 -1.404841107001693692e-02 0.000000000000000000e+00 3.186576000000000075e+00 0.000000000000000000e+00 0.000000000000000000e+00 1.000000000000000000e+00 0.000000000000000000e+00
1.610252061309461746e-01 9.869502940829828486e-01 0.000000000000000000e+00 -6.635787999999999798e+00 -9.869502940829828486e-01 1.610252061309461746e-01 0.000000000000000000e+00 3.217112800000000217e+00 0.000000000000000000e+00 0.000000000000000000e+00 1.000000000000000000e+00 0.000000000000000000e+00
3.949400788613091073e-01 9.187068814964993724e-01 0.000000000000000000e+00 -6.129316300000000162e+00 -9.187068814964993724e-01 3.949400788613091073e-01 0.000000000000000000e+00 3.399163499999999782e+00 0.000000000000000000e+00 0.000000000000000000e+00 1.000000000000000000e+00 0.000000000000000000e+00
6.763057814040830396e-01 7.366209948402316909e-01 0.000000000000000000e+00 -5.970938000000000301e+00 -7.366209948402316909e-01 6.763057814040830396e-01 0.000000000000000000e+00 3.720667399999999958e+00 0.000000000000000000e+00 0.000000000000000000e+00 1.000000000000000000e+00 0.000000000000000000e+00
8.888812379578123757e-01 4.581376919732613739e-01 0.000000000000000000e+00 -5.792857599999999607e+00 -4.581376919732613739e-01 8.888812379578123757e-01 0.000000000000000000e+00 4.179340999999999973e+00 0.000000000000000000e+00 0.000000000000000000e+00 1.000000000000000000e+00 0.000000000000000000e+00
-9.945822619434973033e-01 -1.039525094808028682e-01 0.000000000000000000e+00 -5.595187000000000133e+00 1.039525094808028682e-01 -9.945822619434973033e-01 0.000000000000000000e+00 4.599558400000000269e+00 0.000000000000000000e+00 0.000000000000000000e+00 1.000000000000000000e+00 0.000000000000000000e+00
-9.893516562666818670e-01 1.455448392845769823e-01 0.000000000000000000e+00 -5.741908600000000362e+00 -1.455448392845769823e-01 -9.893516562666818670e-01 0.000000000000000000e+00 5.288667700000000416e+00 0.000000000000000000e+00 0.000000000000000000e+00 1.000000000000000000e+00 0.000000000000000000e+00
-8.763964497310270385e-01 4.815903475972618253e-01 0.000000000000000000e+00 -5.988806000000000296e+00 -4.815903475972618253e-01 -8.763964497310270385e-01 0.000000000000000000e+00 5.689193999999999640e+00 0.000000000000000000e+00 0.000000000000000000e+00 1.000000000000000000e+00 0.000000000000000000e+00
-7.030825212286920811e-01 7.111082676658355695e-01 0.000000000000000000e+00 -6.153861000000000026e+00 -7.111082676658355695e-01 -7.030825212286920811e-01 0.000000000000000000e+00 6.191786999999999708e+00 0.000000000000000000e+00 0.000000000000000000e+00 1.000000000000000000e+00 0.000000000000000000e+00
-4.708509323289207793e-01 8.822127858544026591e-01 0.000000000000000000e+00 -6.481961000000000084e+00 -8.822127858544026591e-01 -4.708509323289207793e-01 0.000000000000000000e+00 6.398981599999999936e+00 0.000000000000000000e+00 0.000000000000000000e+00 1.000000000000000000e+00 0.000000000000000000e+00
-9.790687602747435991e-02 9.951955805903384134e-01 0.000000000000000000e+00 -6.994153999999999982e+00 -9.951955805903384134e-01 -9.790687602747435991e-02 0.000000000000000000e+00 6.582385500000000000e+00 0.000000000000000000e+00 0.000000000000000000e+00 1.000000000000000000e+00 0.000000000000000000e+00
1.845448390439851094e-01 9.828240953406818248e-01 0.000000000000000000e+00 -7.376943999999999946e+00 -9.828240953406818248e-01 1.845448390439851094e-01 0.000000000000000000e+00 6.674395600000000428e+00 0.000000000000000000e+00 0.000000000000000000e+00 1.000000000000000000e+00 0.000000000000000000e+00
6.819876445147075028e-01 7.313636938823808720e-01 0.000000000000000000e+00 -7.781525000000000247e+00 -7.313636938823808720e-01 6.819876445147075028e-01 0.000000000000000000e+00 6.521270999999999596e+00 0.000000000000000000e+00 0.000000000000000000e+00 1.000000000000000000e+00 0.000000000000000000e+00
8.760836906707525351e-01 4.821590680892699488e-01 0.000000000000000000e+00 -8.115213000000000676e+00 -4.821590680892699488e-01 8.760836906707525351e-01 0.000000000000000000e+00 6.284971699999999828e+00 0.000000000000000000e+00 0.000000000000000000e+00 1.000000000000000000e+00 0.000000000000000000e+00
9.556114548098032513e-01 2.946298481761333021e-01 0.000000000000000000e+00 -8.202992999999999313e+00 -2.946298481761333021e-01 9.556114548098032513e-01 0.000000000000000000e+00 5.928677999999999670e+00 0.000000000000000000e+00 0.000000000000000000e+00 1.000000000000000000e+00 0.000000000000000000e+00
9.999997552109445298e-01 6.996985429071458972e-04 0.000000000000000000e+00 -8.199915000000000731e+00 -6.996985429071458972e-04 9.999997552109445298e-01 0.000000000000000000e+00 5.949476999999999904e+00 0.000000000000000000e+00 0.000000000000000000e+00 1.000000000000000000e+00 0.000000000000000000e+00
9.997929201945547906e-01 2.034985820207809229e-02 0.000000000000000000e+00 -8.225578000000000500e+00 -2.034985820207809229e-02 9.997929201945547906e-01 0.000000000000000000e+00 5.438437000000000410e+00 0.000000000000000000e+00 0.000000000000000000e+00 1.000000000000000000e+00 0.000000000000000000e+00
9.897313549857594817e-01 -1.429400047504287841e-01 0.000000000000000000e+00 -8.291570000000000107e+00 1.429400047504287841e-01 9.897313549857594817e-01 0.000000000000000000e+00 4.918188599999999688e+00 0.000000000000000000e+00 0.000000000000000000e+00 1.000000000000000000e+00 0.000000000000000000e+00
9.558763139325295866e-01 -2.937694205712367834e-01 0.000000000000000000e+00 -8.201534999999999798e+00 2.937694205712367834e-01 9.558763139325295866e-01 0.000000000000000000e+00 4.408793000000000184e+00 0.000000000000000000e+00 0.000000000000000000e+00 1.000000000000000000e+00 0.000000000000000000e+00
9.212388230980511628e-01 -3.889974689081120429e-01 0.000000000000000000e+00 -8.109401999999999333e+00 3.889974689081120429e-01 9.212388230980511628e-01 0.000000000000000000e+00 4.002806999999999782e+00 0.000000000000000000e+00 0.000000000000000000e+00 1.000000000000000000e+00 0.000000000000000000e+00
8.531479349508395149e-01 -5.216690532215977338e-01 0.000000000000000000e+00 -7.851158599999999765e+00 5.216690532215977338e-01 8.531479349508395149e-01 0.000000000000000000e+00 3.470682599999999951e+00 0.000000000000000000e+00 0.000000000000000000e+00 1.000000000000000000e+00 0.000000000000000000e+00
8.717754472225207607e-01 -4.899056742067537940e-01 0.000000000000000000e+00 -7.500449699999999886e+00 4.899056742067537940e-01 8.717754472225207607e-01 0.000000000000000000e+00 2.942024200000000089e+00 0.000000000000000000e+00 0.000000000000000000e+00 1.000000000000000000e+00 0.000000000000000000e+00
8.393336167382767776e-01 -5.436166662392200033e-01 0.000000000000000000e+00 -7.102741700000000158e+00 5.436166662392200033e-01 8.393336167382767776e-01 0.000000000000000000e+00 2.361505999999999883e+00 0.000000000000000000e+00 0.000000000000000000e+00 1.000000000000000000e+00 0.000000000000000000e+00
7.761604442318169594e-01 -6.305354588045533060e-01 0.000000000000000000e+00 -6.862046699999999610e+00 6.305354588045533060e-01 7.761604442318169594e-01 0.000000000000000000e+00 1.997805199999999948e+00 0.000000000000000000e+00 0.000000000000000000e+00 1.000000000000000000e+00 0.000000000000000000e+00
6.381315472873607675e-01 -7.699273526487020458e-01 0.000000000000000000e+00 -6.491566999999999865e+00 7.699273526487020458e-01 6.381315472873607675e-01 0.000000000000000000e+00 1.579840200000000028e+00 0.000000000000000000e+00 0.000000000000000000e+00 1.000000000000000000e+00 0.000000000000000000e+00
6.729308934889454141e-01 -7.397053552517851571e-01 0.000000000000000000e+00 -6.021399500000000238e+00 7.397053552517851571e-01 6.729308934889454141e-01 0.000000000000000000e+00 1.168744999999999923e+00 0.000000000000000000e+00 0.000000000000000000e+00 1.000000000000000000e+00 0.000000000000000000e+00
7.381079114348322312e-01 -6.746826743568489215e-01 0.000000000000000000e+00 -5.645616500000000038e+00 6.746826743568489215e-01 7.381079114348322312e-01 0.000000000000000000e+00 9.082547399999999493e-01 0.000000000000000000e+00 0.000000000000000000e+00 1.000000000000000000e+00 0.000000000000000000e+00
7.275844498560445350e-01 -6.860181253638106824e-01 0.000000000000000000e+00 -5.307788000000000395e+00 6.860181253638106824e-01 7.275844498560445350e-01 0.000000000000000000e+00 4.574216300000000235e-01 0.000000000000000000e+00 0.000000000000000000e+00 1.000000000000000000e+00 0.000000000000000000e+00
6.195612507661183432e-01 -7.849483145718085808e-01 0.000000000000000000e+00 -4.969217000000000439e+00 7.849483145718085808e-01 6.195612507661183432e-01 0.000000000000000000e+00 1.637608100000000066e-01 0.000000000000000000e+00 0.000000000000000000e+00 1.000000000000000000e+00 0.000000000000000000e+00
5.431296746764439076e-01 -8.396488292648660590e-01 0.000000000000000000e+00 -4.469457600000000141e+00 8.396488292648660590e-01 5.431296746764439076e-01 0.000000000000000000e+00 -2.542002999999999902e-01 0.000000000000000000e+00 0.000000000000000000e+00 1.000000000000000000e+00 0.000000000000000000e+00
3.512454952219681847e-01 -9.362833983822815842e-01 0.000000000000000000e+00 -4.137587500000000418e+00 9.362833983822815842e-01 3.512454952219681847e-01 0.000000000000000000e+00 -6.940551400000000148e-01 0.000000000000000000e+00 0.000000000000000000e+00 1.000000000000000000e+00 0.000000000000000000e+00
4.212219689766216191e-01 -9.069575805138065938e-01 0.000000000000000000e+00 -3.621876499999999943e+00 9.069575805138065938e-01 4.212219689766216191e-01 0.000000000000000000e+00 -8.486850000000000227e-01 0.000000000000000000e+00 0.000000000000000000e+00 1.000000000000000000e+00 0.000000000000000000e+00
5.653872133176623960e-01 -8.248256173379244771e-01 0.000000000000000000e+00 -3.111029900000000126e+00 8.248256173379244771e-01 5.653872133176623960e-01 0.000000000000000000e+00 -1.050075300000000045e+00 0.000000000000000000e+00 0.000000000000000000e+00 1.000000000000000000e+00 0.000000000000000000e+00
4.686911507983828606e-01 -8.833621030830378640e-01 0.000000000000000000e+00 -2.521209699999999998e+00 8.833621030830378640e-01 4.686911507983828606e-01 0.000000000000000000e+00 -1.425271600000000083e+00 0.000000000000000000e+00 0.000000000000000000e+00 1.000000000000000000e+00 0.000000000000000000e+00
4.485908559220477820e-01 -8.937372343049855283e-01 0.000000000000000000e+00 -2.053239599999999943e+00 8.937372343049855283e-01 4.485908559220477820e-01 0.000000000000000000e+00 -1.443472400000000100e+00 0.000000000000000000e+00 0.000000000000000000e+00 1.000000000000000000e+00 0.000000000000000000e+00
3.402221465232291853e-01 -9.403450914505410152e-01 0.000000000000000000e+00 -2.074467400000000072e+00 9.403450914505410152e-01 3.402221465232291853e-01 0.000000000000000000e+00 -1.492777800000000044e+00 0.000000000000000000e+00 0.000000000000000000e+00 1.000000000000000000e+00 0.000000000000000000e+00
2.519585113141202815e-01 -9.677380371652094526e-01 0.000000000000000000e+00 -1.603249099999999983e+00 9.677380371652094526e-01 2.519585113141202815e-01 0.000000000000000000e+00 -1.581561199999999889e+00 0.000000000000000000e+00 0.000000000000000000e+00 1.000000000000000000e+00 0.000000000000000000e+00
1.035120787685857024e-01 -9.946281966388275109e-01 0.000000000000000000e+00 -1.215963799999999928e+00 9.946281966388275109e-01 1.035120787685857024e-01 0.000000000000000000e+00 -1.457435299999999989e+00 0.000000000000000000e+00 0.000000000000000000e+00 1.000000000000000000e+00 0.000000000000000000e+00
-7.637004112952017199e-02 -9.970795438769544106e-01 0.000000000000000000e+00 -7.775364000000000164e-01 9.970795438769544106e-01 -7.637004112952017199e-02 0.000000000000000000e+00 -1.307691200000000054e+00 0.000000000000000000e+00 0.000000000000000000e+00 1.000000000000000000e+00 0.000000000000000000e+00
-2.759922280035196351e-01 -9.611598670781325016e-01 0.000000000000000000e+00 -2.883028999999999731e-01 9.611598670781325016e-01 -2.759922280035196351e-01 0.000000000000000000e+00 -1.228504299999999994e+00 0.000000000000000000e+00 0.000000000000000000e+00 1.000000000000000000e+00 0.000000000000000000e+00
-4.324240721440406054e-01 -9.016703509766557101e-01 0.000000000000000000e+00 -5.191649999999999737e-02 9.016703509766557101e-01 -4.324240721440406054e-01 0.000000000000000000e+00 -9.676652999999999505e-01 0.000000000000000000e+00 0.000000000000000000e+00 1.000000000000000000e+00 0.000000000000000000e+00
-5.621061794419320856e-01 -8.270650778706560846e-01 0.000000000000000000e+00 2.280193699999999990e-01 8.270650778706560846e-01 -5.621061794419320856e-01 0.000000000000000000e+00 -7.350276000000000032e-01 0.000000000000000000e+00 0.000000000000000000e+00 1.000000000000000000e+00 0.000000000000000000e+00
-6.900129708841858944e-01 -7.237970019360260299e-01 0.000000000000000000e+00 4.744348500000000191e-01 7.237970019360260299e-01 -6.900129708841858944e-01 0.000000000000000000e+00 -5.476659000000000388e-01 0.000000000000000000e+00 0.000000000000000000e+00 1.000000000000000000e+00 0.000000000000000000e+00
-8.034640569153247425e-01 -5.953532642433128075e-01 0.000000000000000000e+00 6.983684999999999476e-01 5.953532642433128075e-01 -8.034640569153247425e-01 0.000000000000000000e+00 -1.459271500000000055e-01 0.000000000000000000e+00 0.000000000000000000e+00 1.000000000000000000e+00 0.000000000000000000e+00
-8.657125454588364688e-01 -5.005414954178942777e-01 0.000000000000000000e+00 9.267620399999999536e-01 5.005414954178942777e-01 -8.657125454588364688e-01 0.000000000000000000e+00 1.249395499999999964e-01 0.000000000000000000e+00 0.000000000000000000e+00 1.000000000000000000e+00 0.000000000000000000e+00
9.257128289479900074e-01 3.782271253111142983e-01 0.000000000000000000e+00 1.125637299999999952e+00 -3.782271253111142983e-01 9.257128289479900074e-01 0.000000000000000000e+00 5.563226000000000004e-01 0.000000000000000000e+00 0.000000000000000000e+00 1.000000000000000000e+00 0.000000000000000000e+00
9.571680913192529561e-01 2.895328046357757423e-01 0.000000000000000000e+00 1.190576199999999973e+00 -2.895328046357757423e-01 9.571680913192529561e-01 0.000000000000000000e+00 9.358956999999999971e-01 0.000000000000000000e+00 0.000000000000000000e+00 1.000000000000000000e+00 0.000000000000000000e+00
9.752346454973053191e-01 2.211727519875473502e-01 0.000000000000000000e+00 1.271611999999999965e+00 -2.211727519875473502e-01 9.752346454973053191e-01 0.000000000000000000e+00 1.382899499999999948e+00 0.000000000000000000e+00 0.000000000000000000e+00 1.000000000000000000e+00 0.000000000000000000e+00
9.971656709462962676e-01 7.523712305918403564e-02 0.000000000000000000e+00 1.323007199999999939e+00 -7.523712305918403564e-02 9.971656709462962676e-01 0.000000000000000000e+00 1.967054099999999917e+00 0.000000000000000000e+00 0.000000000000000000e+00 1.000000000000000000e+00 0.000000000000000000e+00
9.816640023036667939e-01 -1.906194811165598524e-01 0.000000000000000000e+00 1.226212899999999939e+00 1.906194811165598524e-01 9.816640023036667939e-01 0.000000000000000000e+00 2.210643000000000136e+00 0.000000000000000000e+00 0.000000000000000000e+00 1.000000000000000000e+00 0.000000000000000000e+00
9.459535915736485556e-01 -3.243020237200422429e-01 0.000000000000000000e+00 1.102689500000000100e+00 3.243020237200422429e-01 9.459535915736485556e-01 0.000000000000000000e+00 2.559723400000000204e+00 0.000000000000000000e+00 0.000000000000000000e+00 1.000000000000000000e+00 0.000000000000000000e+00
8.667558149269862788e-01 -4.987327513711686811e-01 0.000000000000000000e+00 7.355199000000000042e-01 4.987327513711686811e-01 8.667558149269862788e-01 0.000000000000000000e+00 3.005052599999999963e+00 0.000000000000000000e+00 0.000000000000000000e+00 1.000000000000000000e+00 0.000000000000000000e+00
8.260220607049576502e-01 -5.636377872612297057e-01 0.000000000000000000e+00 4.277738300000000216e-01 5.636377872612297057e-01 8.260220607049576502e-01 0.000000000000000000e+00 3.517453999999999859e+00 0.000000000000000000e+00 0.000000000000000000e+00 1.000000000000000000e+00 0.000000000000000000e+00
7.626274436546183200e-01 -6.468379875863986550e-01 0.000000000000000000e+00 3.247552200000000111e-01 6.468379875863986550e-01 7.626274436546183200e-01 0.000000000000000000e+00 3.755631399999999953e+00 0.000000000000000000e+00 0.000000000000000000e+00 1.000000000000000000e+00 0.000000000000000000e+00
-6.787876142527977663e-01 7.343346476484648999e-01 0.000000000000000000e+00 -1.528096300000000018e-01 -7.343346476484648999e-01 -6.787876142527977663e-01 0.000000000000000000e+00 4.017517599999999689e+00 0.000000000000000000e+00 0.000000000000000000e+00 1.000000000000000000e+00 0.000000000000000000e+00
